0,315
0,9
124,2
124,0
124,1
124,3
0,468
0,322
36,1
36,3
35,1
35,3
33,162
33,34
33,198
33,87
33,251
33,158
34,20
34,26
34,4
34,7
32,5
34,30
34,27
34,24
34,23
34,22
34,19
34,18
34,17
34,16
34,15
34,14
34,13
34,12
34,11
34,10
34,8
34,6
34,5
34,3
34,2
34,1
33,289
33,282
33,275
33,269
33,267
33,266
33,264
33,243
33,239
33,229
33,228
33,220
33,201
33,200
33,193
33,192
33,190
33,174
33,171
33,155
33,151
33,141
18,2
18,1
33,139
33,133
18,3
33,125
33,117
33,108
33,96
33,93
33,86
33,81
33,69
33,64
33,19
33,14
33,9
33,3
33,2
33,1
32,18
32,17
32,16
32,15
32,14
32,13
32,12
32,11
32,10
32,9
32,8
32,7
